386
339
23
53
884
428
538
107
431
902
591
238
486
74
918
323
57
972
124
980
660
42
440
927
190
435
271
171
949
46
269
847
746
259
979
220
458
567
512
69
766
174
177
850
630
790
36
179
506
292
205
120
994
773
163
483
27
327
752
136
812
315
193
652
780
857
18
485
21
70
950
154
789
213
234
873
497
776
923
604
729
876
809
460
770
977
616
123
846
672
254
329
181
745
509
548
685
161
197
700
996
840
127
669
853
2
468
522
39
797
50
209
91
55
683
524
32
861
414
967
224
908
939
4
81
173
218
445
160
451
677
737
138
49
563
184
299
802
405
404
941
260
882
819
354
185
650
202
777
499
56
720
865
916
526
228
394
681
851
353
90
172
38
762
662
130
631
732
64
444
484
704
465
413
997
613
180
325
51
496
743
605
446
863
508
799
267
232
270
349
702
242
421
888
875
893
255
828
397
141
852
751
639
338
849
969
667
622
956
480
342
466
439
244
886
518
400
165
675
196
381
426
72
959
366
281
731
784
303
894
236
936
540
768
9
122
293
101
159
793
924
149
186
472
965
326
554
131
507
922
944
757
754
954
146
566
487
340
59
934
705
297
361
432
157
296
647
815
735
829
423
741
492
198
612
904
304
925
320
503
308
71
500
528
78
633
792
736
555
764
970
885
17
673
975
98
0
226
118
596
116
699
620
938
73
82
690
189
600
525
478
515
659
258
265
367
862
504
279
368
183
606
341
396
467
489
584
125
718
897
211
833
539
661
274
589
447
389
362
360
892
545
337
88
818
142
711
135
590
502
750
985
495
364
917
34
960
710
607
574
684
976
247
233
801
810
666
206
250
974
697
6
317
30
786
724
576
921
403
11
448
958
276
257
266
392
569
911
275
734
203
726
227
147
561
215
286
951
533
427
100
63
19
878
952
409
216
305
143
755
67
989
644
346
534
402
309
947
914
199
739
151
241
200
593
516
380
800
537
84
246
703
334
407
129
637
377
229
535
804
872
164
461
335
95
820
201
983
83
727
664
411
75
614
513
756
310
294
412
408
379
37
722
207
771
843
929
868
273
919
719
946
347
794
867
945
290
656
899
187
457
825
860
350
382
560
97
14
319
550
387
957
110
103
651
311
25
429
417
306
443
642
155
86
859
759
595
3
753
619
676
449
43
942
150
634
8
375
586
594
225
388
964
881
682
22
433
501
782
158
316
456
986
723
264
302
966
779
391
953
831
376
33
880
808
565
156
398
821
570
109
879
984
791
689
10
76
425
602
459
530
498
551
733
168
901
153
170
898
680
438
920
519
442
643
805
437
7
541
422
811
636
490
877
113
126
585
119
665
668
291
191
128
277
657
835
112
993
111
870
469
814
114
592
493
491
686
587
706
20
728
854
618
399
981
313
105
331
623
358
583
393
80
655
628
738
742
617
671
415
520
476
287
137
915
424
610
803
621
775
708
987
482
641
58
222
883
253
889
481
295
89
29
558
251
531
455
283
195
887
61
763
747
542
871
638
66
261
582
823
562
830
470
774
441
626
252
599
132
395
140
12
909
474
758
464
357
856
5
611
721
471
60
94
16
674
44
769
529
139
635
715
928
385
344
822
167
787
930
973
978
371
62
351
597
571
307
169
93
696
761
646
827
653
133
640
926
452
844
580
625
813
971
826
370
92
730
905
998
47
510
406
41
679
608
99
256
373
931
760
230
839
649
807
434
145
475
243
772
333
249
688
991
454
694
691
783
716
896
577
990
48
579
693
176
31
995
838
891
245
1
54
532
834
240
573
817
272
795
695
182
740
463
330
418
420
212
932
559
263
712
166
556
547
384
999
289
543
824
355
210
300
624
477
284
748
913
906
837
65
553
714
301
416
108
322
842
345
962
