386
339
23
53
884
428
538
107
431
902
591
238
486
74
918
323
57
972
124
980
660
42
440
927
190
435
271
171
949
46
269
847
746
259
979
220
458
567
512
69
766
174
177
850
630
790
36
179
506
292
205
120
994
773
163
483
27
327
752
136
812
315
193
652
780
857
18
485
21
70
950
154
789
213
234
873
497
776
923
604
729
876
809
460
770
977
616
123
846
672
254
329
181
745
509
548
685
161
197
700
996
840
127
669
853
2
468
522
39
797
50
209
91
55
683
524
32
861
414
967
224
908
939
4
81
173
218
445
160
451
677
737
138
49
563
184
299
802
405
404
941
260
882
819
354
185
650
202
777
499
56
720
865
916
526
228
394
681
851
353
90
172
38
762
662
130
631
732
64
444
484
704
465
413
997
613
180
325
51
496
743
605
446
863
508
799
267
232
270
349
702
242
421
888
875
893
255
828
397
141
852
751
639
338
849
969
667
622
956
480
342
466
439
244
886
518
400
165
675
196
381
426
72
959
366
281
731
784
303
894
236
936
540
768
9
122
293
101
159
793
924
149
186
472
965
326
554
131
507
922
944
757
754
954
146
566
487
340
59
934
705
297
361
432
157
296
647
815
735
829
423
741
492
198
612
904
304
925
320
503
308
71
500
528
78
633
792
736
555
764
970
885
17
673
975
98
0
226
118
596
116
699
620
938
73
82
690
189
600
525
478
515
659
258
265
367
862
504
279
368
183
606
341
396
467
489
584
125
718
897
211
833
539
661
274
589
447
389
362
360
892
545
337
88
818
142
711
135
590
502
750
985
495
364
419
624
890
859
547
380
811
358
65
203
786
449
906
643
215
256
760
564
206
25
286
402
911
878
759
316
43
97
417
403
375
30
914
335
586
726
561
636
319
533
44
739
169
880
826
273
987
921
800
653
313
227
976
901
370
15
583
347
580
558
167
867
133
63
251
946
110
952
734
407
574
724
556
20
399
889
827
602
562
373
41
898
477
3
295
804
474
418
614
67
106
689
582
86
382
569
870
843
610
200
156
222
322
576
868
456
919
264
442
276
694
783
824
464
854
409
697
983
48
261
476
277
379
607
670
728
290
103
644
598
646
416
376
175
860
356
210
991
144
411
814
943
252
459
473
552
76
58
993
595
912
29
114
723
973
794
668
570
796
11
6
164
637
821
707
391
998
957
119
388
454
158
775
688
696
657
928
655
550
301
899
243
85
530
385
148
767
874
543
235
96
501
951
920
287
679
62
309
755
516
560
910
627
60
246
240
8
648
593
401
305
687
105
151
311
408
872
280
272
249
947
810
231
111
619
831
441
469
207
520
933
962
307
147
34
490
716
191
629
988
930
99
424
721
722
229
372
787
706
89
387
434
588
519
534
710
83
384
437
844
35
457
14
284
714
493
733
452
536
145
817
772
248
635
709
712
371
571
113
140
128
33
964
803
541
763
640
896
194
608
523
676
153
377
462
986
108
740
132
984
16
664
351
573
318
621
282
626
288
674
617
217
216
665
579
830
94
820
510
92
855
577
960
22
781
79
981
182
345
838
879
651
592
188
932
836
448
47
263
834
13
199
599
778
995
666
807
841
730
822
641
513
929
805
430
343
10
471
532
422
989
275
392
682
747
692
334
749
482
332
330
137
917
